1.2: 1,3,4,5,6,11
1.3: 1,2,3,4,8,12,14,15,16,18
1.4: 1,2,3,4,7,8,9,11,15,21
1.5: 1,2,6,9,11,12,16,23,24

2.1: 2,3,5,10,11
2.2: 1,2,3,5,6,10,11,12,13,14

3.1: 1,4,6,11,15,16
3.2: 2,3,4,9,11,21,22,23,24,25
3.3: 2,3,5,13,14,15,16,17,18,19,20
3.4: 2,5,8,9,10,17
3.5: 1,2,5,7,8,11
3.6: 1,2,3,4,5,6,7,8,9,12,15,16,17,20

4.1: 1,3,4,6,7,12,16,17,20,21,22,23
4.2: 2,3,4
4.3: 1,2,3,4

5.1: 1,2,3,3,5,7,11,12,13
5.2: 1,2,3,4,5,8,12,15
5.4: 1,2,12,13,15,16,17,18,26

6.1: 1,2,3,4,5,6,13,14,16
6.3: 1,2,3,6
6.5: 1,2,3,6
